   1  64   1   0  0.2044415E+02  0.2000000E+04
  CAR 
 cd Si                                   
   0   0   0
   1   1
 256 256 256
 256
  0.1000000E-09
  0.6250000E-11
   1
  0.3000000E-14  0.1093746E-08  0.1093746E-08  0.1093746E-08
  0.2074801E+04  0.2000000E+04
  0.000
  0.000
  0.000
  0.000
  0.000
  0.000
  0.000
  0.000
  0.000
  0.000
  0.000
  0.000
  0.000
  0.000
  0.000
  0.000
  0.000
  0.000
  0.000
  0.000
  0.000
  0.000
  0.000
  0.000
  0.000
  0.000
  0.000
  0.000
  0.000
  0.000
  0.000
  0.014
  0.072
  0.303
  0.612
  1.740
  2.777
  3.736
  3.048
  2.069
  1.545
  0.923
  0.638
  0.378
  0.175
  0.097
  0.061
  0.129
  0.156
  0.130
  0.144
  0.249
  0.242
  0.344
  0.388
  0.590
  0.633
  0.890
  1.185
  1.688
  1.986
  3.476
  2.415
  1.973
  1.640
  1.437
  1.279
  1.091
  1.152
  1.214
  1.320
  1.422
  2.286
  1.559
  1.098
  0.936
  0.861
  0.624
  0.541
  0.521
  0.398
  0.409
  0.403
  0.447
  0.419
  0.507
  0.647
  0.960
  0.749
  0.718
  0.659
  0.750
  0.737
  0.918
  1.154
  1.632
  1.067
  0.843
  0.772
  0.671
  0.717
  0.699
  0.799
  0.917
  1.000
  1.261
  1.742
  2.312
  1.553
  1.369
  1.318
  1.197
  1.229
  1.586
  1.176
  0.925
  0.710
  0.649
  0.663
  0.608
  0.705
  0.762
  0.894
  1.219
  1.075
  0.989
  1.008
  1.044
  1.230
  1.680
  1.173
  0.982
  0.914
  0.835
  0.804
  0.806
  0.924
  1.100
  1.577
  1.032
  0.896
  0.806
  0.856
  0.967
  0.672
  0.572
  0.561
  0.540
  0.551
  0.555
  0.618
  0.796
  0.780
  0.897
  0.971
  1.084
  1.430
  1.099
  1.035
  0.991
  1.063
  1.243
  1.473
  2.306
  1.674
  1.451
  1.484
  1.545
  1.719
  1.106
  0.843
  0.704
  0.601
  0.510
  0.493
  0.457
  0.488
  0.518
  0.600
  0.700
  0.607
  0.660
  0.763
  0.803
  0.963
  1.458
  1.117
  0.995
  1.091
  1.310
  0.993
  0.899
  0.855
  0.843
  0.874
  1.200
  1.009
  1.061
  1.121
  1.366
  0.962
  0.860
  0.839
  0.845
  0.920
  1.094
  0.862
  0.858
  1.053
  0.871
  0.777
  0.773
  0.803
  0.930
  1.206
  1.042
  1.102
  1.392
  1.184
  1.112
  1.126
  1.249
  1.537
  1.920
  1.363
  1.254
  1.393
  0.987
  0.798
  0.680
  0.612
  0.596
  0.589
  0.651
  0.855
  0.733
  0.718
  0.758
  0.867
  1.224
  0.983
  0.886
  0.954
  0.746
  0.666
  0.652
  0.671
  0.724
  0.850
  1.021
  1.386
  1.036
  0.973
  1.021
  1.130
  1.307
